8188
36596
48703
48823
67462
86162
169259
175218
175966
177614
178648
185248
185965
197539
213844
214123
218188
220173
224927
230797
231113
237117
246013
252827
256936
277977
287160
287188
288516
288567
288813
288818
291374
291595
293774
297274
299649
307464
312983
314491
316651
357682
357684
358318
387463
388570
388938
390385
398583
399275
400393
408187
408658
408970
409922
469067
492941
499980
503458
511149
519273
531620
531748
536936
543083
544420
547041
554034
554473
561859
566484
566723
570622
574055
575066
580058
581588
586476
587491
590900
591512
593245
594263
595306
597250
597434
598180
603116
611464
613264
614267
634362
640741
642716
644308
645169
645170
645171
645173
646833
655109
659747
662577
662955
670322
694770
698501
699075
700255
701864
702686
702687
702864
702917
704438
704450
704720
705319
705812
706005
706018
706120
706188
706279
708523
709791
710050
711550
713933
738808
741311
743052
743361
743520
747714
752717
768114
774806
778578
779565
782472
782565
782877
784539
784592
785064
786142
786155
786950
789073
790075
791440
793007
793361
794753
796432
797677
797689
798048
798239
799427
800375
800522
801096
801801
802099
802194
802843
803392
807042
808560
809571
810691
812141
812170
813444
813578
813616
813625
817756
818384
818522
818642
819431
820954
822287
823288
823791
824363
825411
826135
826169
826393
826612
826962
827315
828297
829359
830081
830611
830778
831040
831694
832014
834456
834462
834571
835669
835736
836535
836892
837076
837563
837632
837861
838000
839228
839440
839617
840114
840332
840794
840796
841837
842019
842025
842261
842333
842490
842612
843177
843324
843658
843759
843765
843937
844022
844094
844423
846109
846204
846545
846858
847059
847354
847534
848104
848153
849070
849442
850416
851160
851886
851962
852133
852250
852562
852567
852666
853198
853235
856142
857342
858062
859518
859957
860653
860805
861767
862020
874364
875065
876221
876500
877148
877370
878056
878104
879045
879049
881096
881098
881250
881278
881279
881280
881281
881325
882262
882282
882433
883030
883773
884010
884500
884721
884743
884828
886648
886847
887970
888036
888859
889793
890671
891105
891341
891354
891864
892050
892125
892621
892622
892623
892819
892876
892980
893001
893021
893081
893098
893114
893132
893149
893161
893162
893174
893180
893184
893185
893196
893206
893210
893213
893216
893222
893225
893228
893229
893240
893241
893243
893262
893264
893266
893269
893272
893274
893278
893293
893294
893301
893307
893312
893317
893318
893322
893324
893326
893339
893340
893341
893346
893353
893378
893386
893388
893390
893391
893393
893400
893401
893402
893403
893427
893430
893432
893433
893442
893444
893458
893473
893479
893487
893491
893497
893503
893504
893509
893513
893521
893528
893532
893537
893542
893545
893548
893551
893556
893573
893581
893582
893583
893587
893589
893600
893603
893609
893611
893613
893617
893622
893623
893624
893626
893632
893633
893634
893637
893640
893641
893642
893645
893654
893657
893658
893661
893673
893682
893683
893684
893704
893705
893706
893707
893724
893731
893738
893744
893754
893760
893763
893825
893831
893833
893844
893864
893867
893877
893915
893930
893950
893970
893973
893983
894004
894015
894025
921940
922738
922783
922787
922790
922791
922820
923123
925223
925594
926270
926373
926374
926483
926505
926925
927188
927190
927466
927651
927765
928204
928214
928235
928274
928289
928464
929544
929564
929574
929579
929583
929590
929595
929601
929603
929611
929619
929634
929647
929661
929674
929678
929679
929680
929692
929705
929706
929717
929718
929732
929738
929744
929754
929769
929770
929793
929800
929801
929807
930582
930757
930823
930959
931043
932217
932384
932450
932894
933077
933137
933154
933218
933221
934673
935465
935487
935488
935493
935549
935959
936145
936228
936862
937843
937854
938746
938760
939068
939227
939313
939330
939905
939939
939947
939955
939958
939973
939977
939984
939991
939999
940045
940769
940775
940815
940888
940892
940897
940909
940912
940913
940914
940917
940937
940942
940944
940953
940959
940967
940985
940995
941049
941067
941110
941111
941133
941135
941141
941172
941182
941186
941191
941193
941195
941224
941225
941240
941243
941244
941246
941247
941252
941257
941258
941266
941269
941273
941282
941287
943754
943854
944736
944781
945609
945710
945721
946295
946315
946458
946870
946886
946903
947105
953100
953397
954036
954304
954508
954527
954871
955053
955339
956042
957443
957980
957982
957985
957986
957987
957989
957990
957991
958001
958002
958003
958006
958013
958014
958018
958029
958030
958031
958032
958034
958046
958056
958064
958069
958070
958071
958085
958086
958087
958088
958089
958097
958100
958101
958108
958113
958134
958135
958146
958150
958152
958153
958165
958166
958182
958192
958201
958217
958222
958243
958260
958261
958281
958283
958289
958290
958291
958295
958299
958301
958302
958303
958307
958309
958314
958321
958330
958331
958332
958338
958344
958364
958365
958366
958369
958370
958371
958372
958378
958392
958395
958397
958399
958401
958403
958410
958419
958420
958422
958425
958426
958427
958441
958443
958452
958463
958469
958480
958481
958490
958491
958498
958516
958520
958521
958528
958530
958531
958532
958533
958541
958551
958557
958559
958564
958565
958572
958578
958583
958596
958598
958599
958601
958610
958611
958613
958615
958619
958624
958630
958641
958644
958646
958683
958685
958686
958702
958703
958715
958716
958719
958723
958728
958749
958755
958770
958778
958782
958787
958789
958790
958791
958801
958804
958814
958822
958837
958838
958848
958855
958858
958862
958863
958864
958865
958866
958882
958884
958885
958886
958889
958892
958912
958914
958919
958921
958954
958961
958962
958966
958973
958974
958980
958982
958985
958990
959006
959024
959027
959028
959033
959041
959042
959060
959068
959070
959078
959082
959087
959089
959091
959103
959104
959114
959119
959128
959129
959131
959135
959137
959142
959145
959153
959159
959168
959169
959170
959175
959177
959178
959180
959181
959184
959190
959199
959202
959237
959238
959239
959243
959248
959249
959255
959257
959263
959265
959272
959277
959295
959307
959311
959315
959320
959323
959328
959330
959334
959378
959389
959390
959392
959393
959397
959402
959404
959405
959406
959407
959425
959429
959430
959436
959437
959442
959459
959465
959467
959472
959475
959476
959477
959478
959485
959516
959526
959527
959528
959532
959545
959552
959554
959557
959565
959566
959580
959584
959588
959592
959635
959637
959639
959642
959646
959656
959663
959664
959665
959670
959674
959675
959676
959678
959685
959688
959689
959690
959691
959693
959712
959714
959717
959718
959724
959731
959732
959735
959736
959737
959750
959757
959762
959769
959770
959772
959783
959784
959785
959786
959794
959813
959815
959830
959831
959833
959837
959839
959840
959841
959844
959845
959847
959848
959855
959861
959877
959881
959884
959890
959891
959905
959906
959911
959915
959920
959937
959944
959945
959946
959947
959949
959954
959956
959965
959969
959972
959980
959981
959991
959998
960005
960008
960010
960017
960021
960031
960032
960034
960035
960038
960040
960046
960047
960052
960053
960057
960062
960065
960067
960068
960071
960073
960083
960084
960085
960087
960089
960091
960093
960098
960104
960105
960106
960115
960116
960124
960132
960133
960134
960135
960144
960152
960153
960159
960172
960178
960188
960189
960211
960216
960217
960219
960220
960229
960230
960236
960238
960239
960241
960245
960246
960247
960248
960249
960251
960252
960260
960265
960266
960271
960274
960284
960287
960292
960293
960299
960300
960307
960308
960317
960323
960324
960326
960327
960331
960338
960339
960347
960348
960351
960353
960366
960384
960388
960393
960407
960408
960419
960420
960422
960423
960424
960425
960429
960434
960440
960450
960452
960458
960459
960464
960467
960469
960480
960486
960499
960500
960505
960522
960523
960528
960531
960534
960539
960541
960542
960543
960544
960550
960553
960554
960566
960572
960573
960575
960595
960626
960628
960631
960633
960635
960638
960640
960648
960649
960652
960653
960672
960677
960705
960720
960731
960755
960764
960765
960766
960768
960771
960779
960783
960795
960802
960807
960808
960821
960829
960830
960832
960833
960835
960836
960838
960839
960840
960850
960851
960863
960870
960873
960874
960875
960877
960879
960881
960882
960883
960884
960897
960900
960905
960910
960911
960912
960914
960920
960921
960926
960974
960981
960982
961002
961004
961019
961025
961027
961028
961029
961031
961033
961034
961041
961045
961071
961103
961105
961108
961115
961117
961141
961151
961158
961165
961166
961177
961187
961194
961196
961213
961216
961219
961220
961222
961231
961249
961252
961264
961283
961286
961288
961289
961291
961292
961308
961309
961323
961333
961337
961342
961344
961350
961360
961361
961362
961363
961366
961368
961370
961371
961373
961374
961380
961387
961414
961420
961425
961428
961451
962050
962204
962336
962378
962687
962838
963504
963541
963630
963985
964090
964525
964607
964751
964941
964946
965158
965741
965775
966074
966080
966096
966102
966158
966304
966380
966414
966437
966439
966440
966441
966572
967031
967057
967320
967793
967957
967964
967993
968330
968751
969595
970326
970371
970386
970388
970572
970803
970828
971336
971348
971400
971717
971785
971810
971932
972076
972195
972436
972458
972547
972562
972606
972686
972706
972797
973375
973734
973872
974003
974035
974052
974085
974105
974124
974128
974162
974195
974197
974203
974209
974212
974214
974222
974227
974231
974495
974605
974686
974782
974970
975313
975566
975738
975935
975978
976201
976210
976289
976295
976304
976528
976554
976560
976586
976601
976646
976680
976823
976844
976855
977028
977588
977599
977634
977753
977864
977907
977944
977974
977995
978188
978252
978254
978297
978563
978708
979153
979198
979227
979255
979319
979344
979437
979865
979872
980225
980237
980273
980841
981451
981576
981603
982247
983070
983085
983153
983177
983183
983253
983286
983363
983457
983473
983475
983476
983479
983480
983483
983627
983628
983697
983778
984204
984206
984208
984487
984514
984604
984675
984985
985023
985089
985370
985470
985760
985820
986008
986047
986072
986117
986204
986393
986471
986573
986580
986878
987011
987390
987393
987428
987612
987615
987635
987643
987738
987741
987809
987941
988021
988103
988147
988365
988715
988736
988806
988881
989051
989097
989164
989170
989248
989318
989351
989437
989499
989514
989531
989575
990006
990072
990161
990299
990430
990507
990508
990795
990806
990831
990855
990874
990883
990958
990962
991102
991158
991175
991189
991205
991315
991470
991472
991542
991720
991744
991781
991820
991889
991896
991953
991972
992088
992190
992231
992426
992524
992585
992766
992922
993034
993123
993221
993234
993278
993379
993385
993439
993444
993456
993473
993481
993540
993545
994116
994148
994153
994171
994180
994197
994244
994276
994322
994465
994470
994501
994538
994607
994628
994713
994873
994949
994975
995002
995129
995144
995224
995380
995496
995514
995518
995696
995745
995956
995983
995991
996065
996191
996271
996322
996399
996429
996434
996442
996559
996574
996614
996626
996731
996859
996870
997037
997144
997244
997280
997295
997363
997367
997637
997706
997797
997939
998186
998277
998343
998409
998778
998789
998796
998840
998856
998859
999170
999203
999223
999456
999632
999711
999859
999874
999899
999988
1000198
1000310
1000414
1000574
1000663
1001053
1001058
1001076
1001413
1001562
1001625
1001630
1001784
1001786
1001819
1001857
1001926
1001947
1001979
1002136
1002165
1002173
1002182
1002186
1002215
1002229
1002234
1002308
1002331
1002383
1002525
1002701
1002728
1002739
1002777
1002805
1002956
1003033
1003467
1003512
1003648
1003720
1003918
1003954
1003987
1004031
1004052
1004089
1004100
1004140
1004227
1004229
1004259
1004319
1004420
1004426
1004435
1004446
1004448
1004667
1004810
1004951
1005000
1005024
1005084
1005101
1005235
1005326
1005388
1005398
1005400
1005602
1005613
1005629
1005778
1005874
1005914
1005924
1005930
1005942
1005944
1005997
1006021
1006059
1006162
1006180
1006225
1006251
1006279
1006372
1006383
1006626
1006640
1006772
1007061
1007122
1007129
1007332
1007564
1007566
1007577
1007710
1007763
1007984
1007992
1008017
1008025
1008026
1008343
1008420
1008464
1008563
1008688
1008806
1008988
1009014
1009051
1009103
1009115
1009182
1009265
1009316
1009439
1009448
1009497
1009599
1009610
1009622
1009633
1009754
1009762
1009765
1009813
1009929
1010053
1010084
1010354
1010365
1010385
1010477
1010915
1010929
1010931
1010935
1011019
1011020
1011024
1011031
1011040
1011086
1011289
1011551
1011575
1011615
1011825
1011957
1012103
1012185
1012195
1012328
1012410
1012450
1012590
1012620
1012687
1012752
1012791
1012873
1012877
1012948
1013018
1013022
1013066
1013210
1013211
1013230
1013232
1013346
1013542
1013631
1013640
1013699
1013732
1013949
1013964
1014014
1014114
1014197
1014253
1014255
1014263
1014283
1014355
1014453
1014640
1014657
1014682
1014726
1014813
1014967
1015099
1015102
1015303
1015377
1015421
1015481
1015495
1015716
1015723
1015741
1015783
1015955
1015979
1015982
1016291
1016377
1016479
1016481
1016550
1016598
1016646
1016675
1016959
1016986
1017082
1017083
1017144
1017161
1017181
1017291
1017629
1017713
1017973
1017998
1018227
1018245
1018253
1018302
1018495
1018787
1018811
1018856
1018869
1018930
1018937
1018939
1018974
1018982
1019063
1019082
1019092
1019093
1019181
1019237
1019300
1019303
1019308
1019323
1019327
1019329
1019840
1019884
1020002
1020108
1020232
1020242
1020255
1020285
1020404
1020483
1020587
1020590
1020605
1020621
1020779
1020808
1020814
1020853
1020988
1021016
1021018
1021025
1021026
1021073
1021102
1021173
1021176
1021555
1021686
1021735
1021806
1021942
1022107
1022122
1022267
1022300
1022311
1022447
1022656
1022766
1022782
1023055
1023111
1023122
1023125
1023198
1023200
1023201
1023203
1023204
1023209
1023453
1023485
1023573
1023628
1023839
1024008
1024022
1024166
1024171
1024179
1024181
1024184
1024260
1024385
1024417
1024497
1024506
1024568
1024773
1024853
1024961
1025090
1025098
1025127
1025165
1025472
1025522
1025805
1025927
1026195
1026218
1026248
1026253
1026257
1026357
1026364
1026398
1026429
1026537
1026590
1026643
1026737
1026741
1026745
1026917
1026919
1027000
1027019
1027099
1027101
1027109
1027112
1027115
1027139
1027161
1027180
1027211
1027214
1027215
1027216
1027217
1027218
1027245
1027554
1027917
1027976
1028003
1028129
1028424
1028521
1028523
1028536
1028546
1028617
1028649
1028665
1028667
1028858
1028861
1028982
1029235
1029246
1029282
1029404
1029593
1029608
1029779
1029829
1029893
1029899
1029925
1030057
1030354
1030362
1030366
1030369
1030372
1030472
1030487
1030616
1030690
1030728
1030744
1030897
1031016
1031039
1031041
1031255
1031280
1031362
1031497
1031574
1031645
1031907
1031915
1032029
1032074
1032198
1032204
1032206
1032257
1032291
1032320
1032352
1032406
1032457
1032506
1032534
1032598
1032641
1032899
1032998
1033022
1033386
1033534
1033812
1033960
1034223
1034262
1034273
1034357
1034527
1034544
1034888
1034915
1034918
1034920
1035419
1035467
1035480
1035587
1035621
1035680
1035707
1035963
1036021
1036022
1036024
1036026
1036028
1036103
1036107
1036119
1036130
1036148
1036158
1036178
1036203
1036221
1036251
1036604
1036689
1036694
1036808
1037157
1037290
1037432
1037461
1037482
1037663
1037667
1037670
1037677
1037690
1037848
1037875
1037934
1037940
1038045
1038074
1038152
1038271
1038288
1038617
1038813
1038947
1039128
1039142
1039175
1039178
1039189
1039207
1039219
1039237
1039296
1039337
1039340
1039444
1039477
1039632
1039756
1039925
1040078
1040157
1040261
1040330
1040354
1040561
1040715
1040870
1040934
1041106
1041159
1041475
1041572
1041581
1041616
1041647
1041761
1041777
1041809
1042055
1042075
1042118
1042155
1042203
1042280
1042384
1042386
1042400
1042455
1042525
1042687
1042689
1042778
1042797
1043116
1043118
1043120
1043140
1043250
1043259
1043381
1043390
1043408
1043421
1043474
1043595
1043724
1043776
1043829
1043881
1043902
1043907
1044003
1044181
1044200
1044300
1044808
1045009
1045064
1045074
1045075
1045197
1045287
1045319
1045477
1045478
1045580
1045660
1045717
1045721
1045836
1045976
1046068
1046213
1046409
1046483
1046660
1046742
1046934
1047025
1047106
1047137
1047366
1047382
1047454
1047755
1047917
1047929
1048142
1048160
1048523
1048540
1048554
1048597
1048735
1048816
1048947
1049082
1049105
1049238
1049381
1049429
1049460
1049499
1049598
1049633
1049759
1050159
1050290
1050331
1050335
1050363
1050406
1050491
1050507
1050538
1050677
1050865
1050879
1050916
1050939
1050979
1051062
1051112
1051122
1051209
1051312
1051370
1051412
1051447
1051573
1051577
1051641
1051659
1051723
1051738
1051779
1051789
1051803
1051805
1052114
1052124
1052125
1052177
1052237
1052300
1052320
1052339
1052372
1052580
1052657
1052691
1052722
1052743
1053006
1053151
1053157
1053259
1053301
1053425
1053743
1053781
1053820
1053841
1053857
1054157
1054239
1054332
1054335
1054485
1054968
1055007
1055128
1055130
1055132
1055207
1055212
1055268
1055313
1055367
1055528
1055552
1055586
1055707
1055741
1055755
1055797
1055891
1055992
1056190
1056213
1056240
1056422
1056432
1056584
1056682
1056819
1056828
1056898
1056903
1057075
1057126
1057183
1057193
1057198
1057199
1057810
1057825
1057878
1058154
1058176
1058274
1058329
1058334
1058466
1058492
1058506
1058540
1058775
1058819
1059007
1059160
1059174
1059349
1059647
1059723
1059735
1060008
1060011
1060024
1060128
1060165
1060192
1060254
1060268
1060320
1060322
1060323
1060328
1060329
1060331
1060332
1060333
1060335
1060336
1060337
1060338
1060339
1060341
1060344
1060345
1060347
1060352
1060354
1060355
1060360
1060361
1060364
1060365
1060366
1060368
1060369
1060373
1060375
1060377
1060378
1060379
1060382
1060383
1060384
1060385
1060387
1060388
1060391
1060392
1060393
1060396
1060398
1060401
1060402
1060403
1060404
1060405
1060408
1060410
1060414
1060417
1060422
1060428
1060430
1060431
1060432
1060433
1060434
1060436
1060439
1060442
1060443
1060444
1060445
1060448
1060449
1060450
1060455
1060460
1060461
1060463
1060465
1060472
1060473
1060475
1060479
1060480
1060481
1060482
1060483
1060484
1060485
1060486
1060487
1060488
1060489
1060490
1060494
1060497
1060498
1060499
1060500
1060501
1060503
1060505
1060507
1060509
1060511
1060512
1060513
1060515
1060516
1060518
1060519
1060521
1060526
1060528
1060530
1060531
1060532
1060534
1060535
1060536
1060537
1060538
1060539
1060540
1060543
1060544
1060545
1060546
1060548
1060549
1060550
1060551
1060552
1060555
1060557
1060558
1060560
1060562
1060563
1060564
1060567
1060569
1060572
1060574
1060578
1060580
1060593
1060598
1060657
1060713
1060853
1060947
1061019
1061025
1061026
1061028
1061029
1061030
1061032
1061035
1061036
1061037
1061040
1061041
1061045
1061049
1061050
1061055
1061061
1061067
1061068
1061071
1061072
1061083
1061090
1061092
1061094
1061095
1061098
1061099
1061100
1061101
1061102
1061103
1061107
1061112
1061113
1061117
1061119
1061122
1061123
1061124
1061126
1061128
1061129
1061132
1061133
1061135
1061136
1061140
1061142
1061143
1061145
1061146
1061148
1061155
1061156
1061157
1061159
1061161
1061162
1061163
1061164
1061165
1061166
1061167
1061169
1061171
1061172
1061173
1061176
1061177
1061178
1061179
1061180
1061183
1061185
1061187
1061189
1061191
1061193
1061195
1061196
1061198
1061200
1061202
1061207
1061209
1061211
1061212
1061213
1061214
1061217
1061218
1061222
1061223
1061224
1061227
1061228
1061229
1061232
1061233
1061234
1061236
1061239
1061241
1061243
1061244
1061245
1061246
1061247
1061252
1061517
1061546
1062028
1062361
1062394
1062483
1062575
1062701
1062728
1062755
1062766
1062872
1063427
1063559
1063564
1063807
1063846
1063870
1064017
1064063
1064145
1064161
1064185
1064495
1064508
1064696
1064769
1064822
1065138
1065284
1065488
1065851
1065854
1065988
1066059
1066060
1066184
1066391
1066491
1066595
1066751
1067576
1067579
1067645
1067670
1067678
1067827
1067831
1067833
1067924
1067982
1067988
1068126
1068286
1068403
1068405
1068650
1068651
1068652
1068750
1068771
1068840
1069356
1069361
1069364
1069371
1069379
1069402
1069609
1069890
1069926
1069927
1070179
1070186
1070192
1070206
1070238
1070271
1070272
1070277
1070281
1070282
1070358
1070371
1070373
1070545
1070650
1070765
1070931
1070968
1071447
1071465
1071471
1071482
1071487
1071492
1071494
1071555
1071942
1072156
1072422
1072455
1072525
1072675
1072708
1072787
1072813
1072908
1073069
1073095
1073111
1073216
1073241
1073795
1074077
1074329
1074336
1074470
1074472
1074564
1074653
1074728
1074864
1074988
1074992
1074993
1074994
1074995
1074996
1075008
1075057
1075064
1075282
1075347
1075444
1075604
1075729
1075760
1075764
1075776
1075780
1075786
1075796
1075798
1075802
1075805
1075867
1076063
1076079
1076081
1076113
1076114
1076168
1076221
1076377
1076382
1076555
1076990
1077168
1077191
1077260
1077374
1077455
1077581
1077591
1077629
1077684
1077779
1077910
1077911
1078028
1078046
1078176
1078226
1078594
1078681
1078821
1078826
1078829
1078908
1078997
1079158
1079390
1079857
1080091
1080095
1080100
1080105
1080106
1080151
1080240
1080311
1080458
1080493
1080625
1080628
1080737
1080758
1080850
1080870
1081285
1081373
1081432
1081435
1081441
1081779
1081794
1081882
1081907
1081932
1081941
1081945
1082116
1082127
1082134
1082217
1082283
1082313
1082342
1082511
1082533
1082729
1082824
1082942
1082965
1083028
1083075
1083459
1083823
1083826
1083987
1084158
1084207
1084466
1084662
1085238
1085253
1085436
1085469
1085532
1085686
1085845
1085895
1085981
1086138
1086710
1086716
1086941
1086942
1086947
1086956
1087354
1087392
1087769
1087897
1088491
1088553
1088641
1088721
1088725
1088730
1088783
1088842
1088974
1089069
1089077
1089239
1089270
1089346
1089375
1089413
1089704
1089969
1090005
1090011
1090202
1090274
1090864
1091211
1091570
1091687
1091894
1091897
1092690
1092951
1093007
1093534
1094227
1094399
1094446
1094564
1094565
1095082
1095084
1095522
1095530
1095548
1095747
1095923
1095928
1095960
1096026
1096089
1096107
1096108
1096109
1096110
1096111
1096112
1096113
1096115
1096116
1096118
1096120
1096121
1096127
1096128
1096130
1096131
1096132
1096134
1096136
1096142
1096143
1096144
1096145
1096146
1096147
1096149
1096150
1096152
1096153
1096154
1096156
1096157
1096158
1096159
1096160
1096161
1096162
1096163
1096164
1096166
1096168
1096169
1096170
1096172
1096174
1096175
1096176
1096177
1096194
1096195
1096197
1096199
1096202
1096203
1096210
1096214
1096215
1096273
1096280
1096284
1096287
1096289
1096293
1096297
1096299
1096305
1096310
1096316
1096321
1096323
1096351
1096480
1096481
1096482
1096483
1096485
1096486
1096487
1096488
1096489
1096490
1096491
1096493
1096495
1096496
1096497
1096499
1096500
1096501
1096502
1096503
1096504
1096505
1096513
1096514
1096515
1096516
1096557
1096561
1096563
1096566
1096568
1096569
1096571
1096577
1096579
1096580
1096582
1096587
1096590
1096591
1096606
1096616
1096626
1096628
1096630
1096633
1096638
1096642
1096646
1096647
1096651
1096653
1096656
1096657
1096660
1096663
1096665
1096666
1096670
1096671
1096676
1096677
1096678
1096685
1096690
1096693
1096694
1096697
1096699
1096700
1096722
1096729
1096730
1096733
1096735
1096743
1096744
1096746
1096748
1096750
1096759
1096761
1096764
1096767
1096769
1096773
1096776
1096778
1096780
1096788
1096791
1096793
1096799
1096800
1096803
1096805
1096807
1096809
1096811
1096822
1096826
1096829
1096831
1096832
1096915
1096916
1096918
1096919
1096920
1096923
1096933
1096935
1096941
1096945
1096947
1096949
1096950
1096953
1096954
1096955
1096956
1096957
1096958
1096963
1096966
1096968
1096995
1096998
1097002
1097003
1097012
1097014
1097015
1097017
1097018
1097024
1097025
1097027
1097029
1097031
1097033
1097036
1097039
1097043
1097044
1097047
1097048
1097049
1097051
1097052
1097057
1097058
1097059
1097060
1097061
1097064
1097068
1097070
1097073
1097078
1097081
1097083
1097087
1097096
1097098
1097104
1097105
1097107
1097109
1097115
1097117
1097121
1097122
1097126
1097127
1097132
1097135
1097136
1097137
1097138
1097141
1097142
1097143
1097146
1097147
1097148
1097149
1097151
1097152
1097153
1097154
1097155
1097156
1097158
1097159
1097161
1097162
1097230
1097259
1097344
1097345
1097348
1097349
1097350
1097351
1097362
1097428
1097432
1097444
1097448
1097451
1097454
1097491
1097494
1097501
1097502
1097506
1097509
1097512
1097514
1097516
1097520
1097523
1097532
1097535
1097537
1097541
1097544
1097552
1097554
1097557
1097558
1097559
1097756
1097757
1097758
1097761
1097762
1097764
1097766
1097768
1097771
1097772
1097774
1097777
1097779
1097782
1097783
1097785
1097787
1097789
1097791
1097794
1097796
1097800
1097803
1097807
1097810
1097813
1097816
1097821
1097828
1097829
1097838
1097843
1097845
1097846
1097847
1097849
1097852
1097853
1097854
1097855
1097859
1097861
1097862
1097864
1097866
1097867
1097868
1097871
1097872
1097873
1097880
1097881
1097887
1097888
1097890
1097891
1097896
1097897
1097900
1097903
1097904
1097908
1097913
1097916
1097917
1097921
1097922
1097925
1097930
1097932
1097934
1097938
1097940
1097941
1097948
1097949
1097953
1097954
1097955
1097956
1097959
1097967
1097972
1097976
1097977
1097979
1097986
1097991
1097993
1097996
1097997
1097999
1098003
1098005
1098012
1098013
1098018
1098020
1098023
1098024
1098028
1098030
1098031
1098033
1098035
1098036
1098039
1098171
1098344
1098374
1098644
1098664
1098739
1098875
1098982
1099296
1099332
1099409
1099577
1099579
1099630
1099635
1099733
1099739
1099752
1099757
1099776
1099896
1100020
1100205
1100212
1100402
1100430
1100464
1100471
1100472
1100473
1100475
1100477
1100480
1100542
1100559
1100655
1100674
1100682
1100910
1101208
1101311
1101315
1101414
1101428
1101431
1101537
1101551
1101626
1101776
1101777
1101780
1102008
1102046
1102048
1102051
1102075
1102141
1102142
1102252
1102270
1102286
1102390
1102392
1102405
1102421
1102492
1102495
1102500
1102645
1102728
1102760
1102833
1103045
1103051
1103116
1103117
1103502
1103672
1103675
1103689
1103690
1103696
1103719
1103757
1103762
1103764
1103839
1103858
1103860
1103892
1103893
1104007
1104146
1104166
1104174
1104183
1104186
1104190
1104306
1104333
1104334
1104380
1105220
1105253
1105267
1105268
1105350
1105468
1105473
1105533
1105578
1105590
1105596
1105605
1105643
1105761
1105845
1105848
1105953
1105954
1106104
1106108
1106156
1106164
1106170
1106210
1106220
1106247
1106252
1106254
1106255
1106256
1106268
1106460
1106531
1106603
1106681
1106868
1106869
1106954
1106956
1107043
1107052
1107053
1107055
1107086
1107099
1107100
1107103
1107110
1107112
1107115
1107152
1107223
1107375
1107509
1107518
1107593
1107657
1107661
1107668
1107669
1107673
1107804
1107925
1107976
1107982
1107986
1108492
1108567
1108571
1108800
1108847
1108903
1108929
1108941
1109144
1109167
1109300
1109416
1109594
1109817
1109915
1109921
1109923
1109924
1109926
1109936
1110042
1110136
1110140
1110269
1110427
1110433
1110549
1110553
1110567
1110571
1110573
1110607
1110865
1110939
1110951
1110990
1111067
1111287
1111304
1111330
1111353
1111355
1111372
1111373
1111449
1111718
1111720
1112082
1112083
1112098
1112155
1112156
1112184
1112422
1112568
1112577
1112626
1112683
1112823
1113080
1113298
1113375
1113384
1113392
1113399
1113408
1113414
1113415
1113439
1113445
1113447
1113450
1113598
1113681
1113754
1113775
1113784
1113785
1114483
1114637
1114695
1114700
1114713
1114815
1114918
1114950
1114970
1115046
1115095
1115122
1115169
1115478
1115666
1115673
1115691
1115928
1115938
1115996
1115999
1116239
1116344
1116375
1116445
1116616
1116826
1116838
1116849
1116877
1116881
1116884
1116886
1116920
1116922
1116923
1116924
1116925
1116926
1116927
1116967
1117005
1117305
1117426
1117791
1118018
1118037
1118127
1118174
1118205
1118252
1118259
1118262
1118332
1118601
1118826
1118830
1118975
1119138
1119207
1119363
1119501
1119509
1119580
1119596
1119621
1119764
1119765
1119766
1119774
1119838
1119890
1119995
1120169
1120276
1120323
1120514
1120554
1120570
1120650
1120726
1120748
1120752
1120835
1120851
1120854
1120997
1121218
1121417
1121718
1121776
1121872
1122133
1122134
1122162
1122210
1122635
1122668
1122736
1122737
1122901
1122911
1122943
1123075
1123108
1123131
1123137
1123221
1123409
1123411
1123598
1123659
1123736
1123900
1123942
1123973
1123979
1123985
1123986
1123988
1124371
1124395
1124402
1124487
1124502
1124515
1124692
1124715
1124780
1124876
1124892
1124961
1125088
1125150
1125198
1125207
1125220
1125246
1125396
1125434
1125613
1125617
1125618
1125619
1125620
1125621
1125622
1125624
1125625
1125629
1125630
1125631
1125632
1125633
1125634
1125635
1125768
1125841
1125897
1126200
1126234
1126257
1126560
1126583
1126781
1127054
1127178
1127187
1127219
1127229
1127230
1127232
1127290
1127315
1127503
1127504
1127566
1127579
1127616
1127792
1127868
1127873
1127940
1128166
1128227
1128403
1128469
1128534
1128562
1128587
1128616
1128620
1128746
1128750
1128810
1128819
1128860
1128885
1128886
1128887
1128890
1129016
1129200
1129266
1129798
1129864
1130036
1130176
1130264
1130274
1130277
1130468
1130593
1130603
1130656
1130684
1130733
1130834
1130853
1130981
1131033
1131038
1131222
1131231
1131469
1131554
1131683
1131838
1131959
1132168
1132242
1132243
1132393
1132485
1132528
1132765
1132855
1132857
1133089
1133161
1133351
1133356
1133357
1133358
1133360
1133491
1133512
1133651
1133665
1133901
1134043
1134058
1134061
1134160
1134185
1134189
1134201
1134205
1134212
1134214
1134215
1134218
1134224
1134260
1134268
1134276
1134294
1134316
1134333
1134344
1134536
1134666
1134755
1134788
1135206
1135220
1135327
1135328
1135334
1135336
1135337
1135338
1135349
1135368
1135602
1135927
1136262
1136280
1136281
1136328
1136333
1136335
1136363
1136402
1136593
1136601
1136633
1136860
1136909
1137125
1137196
1137222
1137239
1137433
1137449
1137463
1137464
1137508
1137753
1137761
1137835
1137907
1137908
1137938
1138132
1138160
1138208
1138240
1138241
1138243
1138325
1138535
1138664
1138983
1138987
1138990
1139074
1139091
1139387
1139391
1139457
1139641
1139706
1139707
1139792
1140089
1140127
1141288
1141308
1141313
1141327
1141424
1141448
1141742
1141861
1141895
1142104
1142346
1142391
1142620
1142623
1142624
1142718
1143072
1143079
1143242
1143245
1143295
1143447
1143548
1144160
1144192
1144199
1144231
1144299
1144439
1144443
1144753
1144903
1144972
1144984
1144985
1145168
1145343
1145389
1145397
1145528
1145779
1145819
1145891
1145900
1145904
1145963
1146185
1146261
1146810
1146868
1146931
1146957
1147071
1147122
1147173
1147277
1147510
1147574
1147728
1147778
1147867
1147878
1147898
1147951
1147962
1147971
1148213
1148336
1148348
1148351
1148381
1148525
1148527
1148567
1148571
1148587
1148625
1148626
1148633
1148766
1149136
1149151
1149257
1149371
1149459
1149474
1149508
1149587
1149718
1149785
1149790
1149791
1149845
1149899
1150042
1150069
1150135
1150141
1150667
1150669
1150670
1150833
1150984
1151044
1151046
1151105
1151160
1151286
1151392
1151465
1151496
1151685
1151751
1151756
1151778
1152038
1152042
1152043
1152150
1152291
1152299
1152491
1152511
1152520
1152531
1152546
1152900
1152918
1153122
1153434
1153528
1153748
1153763
1153850
1153898
1154035
1154152
1154324
1154488
1154672
1154702
1155028
1155132
1155220
1155232
1155284
1155306
1155322
1155484
1155695
1155770
1155812
1155824
1155879
1156430
1156516
1156568
1156754
1156873
1157039
1157221
1157333
1157743
1157760
1157807
1158086
1158119
1158122
1158126
1158151
1158281
1158424
1158566
1158571
1158711
1159351
1159582
1159592
1159657
1159764
1159920
1160012
1160080
1160210
1160246
1160417
1160831
1160920
1160921
1160942
1161070
1161074
1161113
1161195
1161260
1161353
1161416
1161421
1161440
1161451
1161467
1161479
1161541
1161547
1161552
1161553
1161560
1161589
1161659
1161693
1161788
1161806
1161934
1161935
1162229
1162244
1162626
1162665
1162696
1162734
1162770
1162839
1162840
1162922
1162945
1162959
1162987
1163042
1163185
1163200
1163366
1163403
1163409
1163525
1163526
1163552
1163818
1163849
1164123
1164159
1164434
1164575
1164683
1164696
1164699
1164705
1164937
1165059
1165091
1165092
1165096
1165312
1165370
1165371
1165375
1165420
1165539
1165557
1165640
1165663
1165692
1165797
1165807
1165808
1165974
1166102
1166331
1166458
1166461
1166463
1166467
1166571
1166572
1166636
1166708
1166808
1166998
1167033
1167042
1167043
1167044
1167049
1167052
1167115
1167266
1167275
1167279
1167306
1167362
1167384
1167404
1167407
1167563
1167633
1167636
1167661
1167869
1167919
1168250
1168414
1168422
1168639
1168640
1168671
1168856
1168858
1168930
1168988
1169189
1169197
1169205
1169224
1169227
1169471
1169475
1169525
1169599
1169601
1169763
1169774
1169786
1169866
1169868
1169917
1169926
1170310
1170444
1170453
1170488
1170536
1170736
1170759
1170962
1171074
1171084
1171216
1171364
1171587
1171712
1171731
1171759
1171793
1171943
1171972
1171973
1171975
1172070
1172123
1172157
1172265
1172267
1172283
1172331
1172725
1172796
1173045
1173053
1173213
1173220
1173223
1173229
1173491
1173492
1173564
1173591
1173601
1173614
1173621
1173677
1173740
1173758
1173774
1173800
1173845
1174084
1174216
1174242
1174266
1174342
1174448
1174544
1174545
1174617
1174625
1174894
1175067
1175179
1175289
1175311
1175422
1175424
1175427
1175596
1175652
1175710
1175711
1175786
1175810
1175958
1176045
1176070
1176153
1176207
1176236
1176394
1176459
1176484
1176520
1176593
1176607
1176641
1176687
1176688
1176689
1176735
1176746
1176881
1176893
1177039
1177117
1177193
1177201
1177202
1177203
1177427
1177478
1177479
1177481
1177482
1177483
1177484
1177503
1177675
1177681
1177683
1177721
1177823
1177827
1177828
1177840
1178114
1178207
1178495
1178512
1178520
1178532
1178533
1178608
1178749
1178796
1178819
1178893
1178910
1178924
1178926
1178972
1179009
1179016
1179050
1179052
1179117
1179360
1179434
1179480
1179515
1179550
1179600
1179649
1179789
1179812
1179909
1179957
1179959
1179985
1180045
1180051
1180057
1180064
1180071
1180276
1180313
1180336
1180338
1180555
1180583
1181086
1181200
1181227
1181228
1181272
1181333
1181334
1181381
1181430
1181473
1181493
1181548
1181587
1181649
1181693
1181794
1181907
1181950
1181981
1182296
1182332
1182356
1182357
1182358
1182385
1182609
1182631
1182673
1182703
1182939
1182993
1183035
1183183
1183232
1183306
1183309
1183509
1183541
1183800
1183901
1183920
1183933
1183935
1184102
1184107
1184203
1184374
1184442
1184556
1184648
1184650
1184652
1184728
1184746
1184762
1184764
1184768
1185236
1185353
1185483
1185531
1185692
1185693
1185695
1185722
1185816
1185922
1185924
1185987
1186033
1186392
1186445
1186449
1186453
1186666
1186848
1186960
1187003
1187031
1187091
1187217
1187352
1187596
1187677
1187684
1187695
1187945
1188124
1188306
1188389
1188446
1188447
1188450
1188452
1188454
1188456
1188457
1188489
1188490
1188494
1188496
1188501
1188502
1188509
1188510
1188514
1188515
1188517
1188518
1188522
1188523
1188526
1188530
1188532
1188568
1188802
1188813
1189002
1189174
1189195
1189407
1189457
1189590
1189592
1189595
1189596
1189597
1189599
1189600
1189601
1189602
1189603
1189604
1189723
1189819
1189844
1189847
1189996
1190001
1190002
1190029
1190091
1190094
1190649
1190680
1190740
1190741
1190743
1190745
1190748
1190750
1190751
1190752
1190753
1190815
1190867
1190904
1190990
1191281
1191290
1191476
1191489
1191507
1191518
1191874
1191928
1191975
1191976
1192066
1192314
1192386
1192471
1192493
1192530
1192547
1193095
1193096
1193144
1193459
1193503
1193517
1193522
1193526
1193534
1193614
1193622
1193773
1194016
1194129
1194388
1194392
1194407
1194417
1194515
1194564
1194566
1194738
1194840
1194844
1194849
1194850
1194851
1195495
1195542
1195765
1195789
1195793
1195829
1195832
1195836
1195870
1195972
1196160
1196162
1196166
1196173
1196176
1196227
1196250
1196259
1196262
1196335
1196339
1196341
1196347
1196367
1196369
1196386
1196449
1196645
1196646
1196648
1196938
1196944
1196950
1196961
1197051
1197154
1197271
1197272
1197275
1197282
1197284
1197291
1197293
1197297
1197300
1197305
1197308
1197313
1197319
1197329
1197336
1197711
1197712
1197714
1197718
1197723
1197728
1197730
1197738
1197787
1197842
1197991
1198009
1198072
1198110
1198397
1198433
1198462
1198463
1198499
1198657
1198786
1198825
1198849
1198857
1198859
1198958
1198967
1199069
1199072
1199518
1199584
1199586
1200264
1200276
1200279
1200618
1200661
1200749
1200756
1200758
1200812
1200944
1201006
1201116
1201147
1201153
1201157
1201200
1201201
1201203
1201211
1201212
1202667
1202670
1202783
1202829
1202948
1203092
1203105
1203567
1204141
